[Theme]
mvthemecol_text = [255.0, 254.0, 254.0, 255.0]
mvthemecol_tabactive = [177.0, 26.0, 26.0, 255.0]
mvthemecol_slidergrabactive = [249.0, 66.0, 72.0, 255.0]
mvthemecol_textdisabled = [127.0, 127.0, 127.0, 255.0]
mvthemecol_tabunfocused = [53.0, 22.0, 22.0, 247.0]
mvthemecol_button = [126.98823547363281, 13.65882396697998, 51.588233947753906, 255.0]
mvthemecol_windowbg = [16.886274337768555, 15.278430938720703, 25.39607810974121, 239.0]
mvthemecol_tabunfocusedactive = [107.0, 35.0, 35.0, 255.0]
mvthemecol_buttonhovered = [175.75686645507812, 49.01568603515625, 53.16078567504883, 255.0]
mvthemecol_childbg = [0.0, 0.0, 0.0, 26.0]
mvthemecol_dockingpreview = [249.0, 66.0, 66.0, 178.0]
mvthemecol_buttonactive = [132.07058715820312, 32.0941162109375, 32.0941162109375, 255.0]
mvthemecol_border = [109.0, 109.0, 127.0, 127.0]
mvthemecol_dockingemptybg = [51.0, 51.0, 51.0, 255.0]
mvthemecol_header = [249.0, 66.0, 66.0, 79.0]
mvthemecol_popupbg = [20.0, 20.0, 20.0, 239.0]
mvthemecol_plotlines = [155.0, 155.0, 155.0, 255.0]
mvthemecol_headerhovered = [249.0, 66.0, 66.0, 204.0]
mvthemecol_bordershadow = [0.0, 0.0, 0.0, 0.0]
mvthemecol_plotlineshovered = [255.0, 109.0, 89.0, 255.0]
mvthemecol_headeractive = [249.0, 66.0, 66.0, 255.0]
mvthemecol_framebg = [105.0, 137.0, 146.0, 106.67058563232422]
mvthemecol_plothistogram = [229.0, 178.0, 0.0, 255.0]
mvthemecol_separator = [109.0, 109.0, 127.0, 127.0]
mvthemecol_framebghovered = [214.36077880859375, 38.431373596191406, 38.431373596191406, 102.0]
mvthemecol_plothistogramhovered = [255.0, 153.0, 0.0, 255.0]
mvthemecol_separatorhovered = [191.0, 24.0, 24.0, 200.0]
mvthemecol_framebgactive = [158.4823455810547, 31.568628311157227, 31.568628311157227, 209.2823486328125]
mvthemecol_tableheaderbg = [48.0, 48.0, 51.0, 255.0]
mvthemecol_separatoractive = [191.0, 25.0, 25.0, 255.0]
mvthemecol_titlebg = [10.0, 10.0, 10.0, 255.0]
mvthemecol_tableborderstrong = [79.0, 79.0, 89.0, 255.0]
mvthemecol_resizegrip = [249.0, 66.0, 66.0, 51.0]
mvthemecol_titlebgactive = [122.0, 40.0, 40.0, 255.0]
mvthemecol_tableborderlight = [67.0, 67.0, 76.0, 255.0]
mvthemecol_resizegriphovered = [249.0, 66.0, 66.0, 170.0]
mvthemecol_titlebgcollapsed = [0.0, 0.0, 0.0, 130.0]
mvthemecol_tablerowbg = [0.0, 0.0, 0.0, 0.0]
mvthemecol_resizegripactive = [236.0, 36.0, 36.0, 242.0]
mvthemecol_menubarbg = [12.56862735748291, 10.086274147033691, 28.443138122558594, 255.0]
mvthemecol_tablerowbgalt = [255.0, 255.0, 255.0, 15.0]
mvthemecol_tab = [147.0, 44.0, 45.0, 219.0]
mvthemecol_scrollbarbg = [5.0, 5.0, 5.0, 135.0]
mvthemecol_textselectedbg = [249.0, 66.0, 114.0, 89.0]
mvthemecol_tabhovered = [249.0, 66.0, 66.0, 204.0]
mvthemecol_scrollbargrab = [79.0, 79.0, 79.0, 255.0]
mvthemecol_dragdroptarget = [255.0, 255.0, 0.0, 229.0]
mvthemecol_scrollbargrabhovered = [104.0, 104.0, 104.0, 255.0]
mvthemecol_navhighlight = [249.0, 66.0, 66.0, 255.0]
mvthemecol_scrollbargrabactive = [130.0, 130.0, 130.0, 255.0]
mvthemecol_navwindowinghighlight = [255.0, 255.0, 255.0, 178.0]
mvthemecol_checkmark = [249.0, 66.0, 66.0, 255.0]
mvthemecol_navwindowingdimbg = [204.0, 204.0, 204.0, 51.0]
mvthemecol_slidergrab = [224.0, 60.0, 61.0, 255.0]
mvthemecol_modalwindowdimbg = [204.0, 204.0, 204.0, 23.36470603942871]

